# oST version 5.0 parameters


[image]

width
640

height
480

[narrow_stereo]

camera matrix
593.438626 0.000000 304.249959
0.000000 591.700256 273.732922
0.000000 0.000000 1.000000

distortion
0.006988 0.065543 0.004674 -0.014686 0.000000

rectification
1.000000 0.000000 0.000000
0.000000 1.000000 0.000000
0.000000 0.000000 1.000000

projection
600.638184 0.000000 296.131308 0.000000
0.000000 606.314880 274.480239 0.000000
0.000000 0.000000 1.000000 0.000000
