# oST version 5.0 parameters


[image]

width
640

height
480

[narrow_stereo]

camera matrix
525.662238 0.000000 306.244976
0.000000 527.317930 266.789137
0.000000 0.000000 1.000000

distortion
0.102108 -0.156559 0.007787 -0.013862 0.000000

rectification
1.000000 0.000000 0.000000
0.000000 1.000000 0.000000
0.000000 0.000000 1.000000

projection
533.418518 0.000000 296.880099 0.000000
0.000000 540.113770 269.932168 0.000000
0.000000 0.000000 1.000000 0.000000
