image_width: 640
image_height: 480
camera_name: rgb_camera
camera_matrix:
  rows: 3
  cols: 3
  data: [525.66224,   0.     , 306.24498,
           0.     , 527.31793, 266.78914,
           0.     ,   0.     ,   1.     ]
distortion_model: plumb_bob
distortion_coefficients:
  rows: 1
  cols: 5
  data: [0.102108, -0.156559, 0.007787, -0.013862, 0.000000]
rectification_matrix:
  rows: 3
  cols: 3
  data: [1., 0., 0.,
         0., 1., 0.,
         0., 0., 1.]
projection_matrix:
  rows: 3
  cols: 4
  data: [533.41852,   0.     , 296.8801 ,   0.     ,
           0.     , 540.11377, 269.93217,   0.     ,
           0.     ,   0.     ,   1.     ,   0.     ]
